0.8100
0.5344
0.6055
0.3414
0.4180
0.3614
0.5116
0.4006
0.4460
0.3344
0.2394
0.3375
0.3875
0.2495
0.1791
0.2911
0.2546
0.1617
0.2563
0.1651
0.0579
0.1784
0.1109
0.1804
0.1119
0.0898
0.0517
0.0315
0.0433
0.1141
0.0281
0.0219
0.0429
0.1273
0.0204
0.0428
0.0121
0.0111
0.0149
0.0182
0.0209
0.0247
0.0204
0.0223
0.0054
0.0069
0.0115
0.0090
0.0012
0.0293
0.0849
0.0353
0.0492
0.0035
0.0068
0.1054
0.0076
0.0061
0.0045
0.0076
0.0004
0.0024
0.0006
0.0004
0.0003
0.0014
0.0004
0.0003
0.0004
0.0002
0.0006
0.0003
0.0004
0.0006
0.0002
0.0002
0.0001
0.0006
0.0007
0.0001
0.0001
0.0005
0.0004
0.0001
0.0001
0.0001
0.0002
0.0002
0.0002
0.0001
0.0001
0.0001
0.0001
0.0001
0.0000
0.0001
0.0000
0.0002
0.0001
0.0001
