0.7875
0.5535
0.3712
0.4527
0.5237
0.4911
0.3104
0.4190
0.3029
0.2118
0.2764
0.4268
0.3183
0.3174
0.1681
0.2154
0.1762
0.1938
0.0963
0.3485
0.0544
0.1233
0.0958
0.1868
0.0314
0.0844
0.0244
0.1306
0.0157
0.0290
0.0095
0.0141
0.0112
0.0723
0.0420
0.1225
0.0136
0.0094
0.0680
0.0081
0.1961
0.0201
0.0626
0.0126
0.0232
0.0528
0.0575
0.0297
0.0009
0.0004
0.0071
0.0041
0.0742
0.0520
0.0051
0.1414
0.0073
0.0073
0.0024
0.0008
0.0033
0.0162
0.0808
0.0015
0.0012
0.0007
0.0161
0.0030
0.0067
0.0138
0.0069
0.0033
0.0143
0.0047
0.0268
0.0743
0.0039
0.0249
0.0001
0.0010
0.0132
0.0027
0.0024
0.0083
0.0080
0.0145
0.0022
0.0010
0.0466
0.0006
0.0787
0.0021
0.0093
0.0036
0.0006
0.0008
0.0001
0.0000
0.0000
0.0000
